ATT1
0.99619047619	0.00190476190476	0.00190476190476

ATT2	class
0.76808433297	0.222828062523	0.00908760450745
0.129054520359	0.352657004831	0.51828847481

ATT3	ATT4
0.956625460854	0.0255909780959	0.0177835610497
0.308598351001	0.488810365135	0.202591283863
0.022619047619	0.183333333333	0.794047619048

ATT4
0.731904761905	0.134761904762	0.133333333333

ATT5	ATT7	class
0.992931970213	0.00694181496908	0.00012621481762
0.548317046688	0.196525515744	0.255157437568
0.744292237443	0.168949771689	0.0867579908676
0.611408199643	0.258467023173	0.130124777184
0.333333333333	0.495495495495	0.171171171171
0.383595113438	0.201396160558	0.415008726003

ATT6	ATT3	class
0.979894569082	0.0133627559152	0.00674267500306
0.675631621842	0.264873675632	0.0594947025265
0.0175438596491	0.964912280702	0.0175438596491
0.465451784358	0.356112376614	0.178435839028
0.487179487179	0.487179487179	0.025641025641
0.280088740987	0.379922351636	0.339988907377

ATT7	class
0.960014540167	0.0265358051618	0.013449654671
0.211870255349	0.129054520359	0.659075224293

ATT8	class
0.973100690658	0.0265358051618	0.000363504180298
0.319530710835	0.435472739821	0.244996549344

ATT9	class
0.970919665576	0.0178117048346	0.0112686295892
0.398205659075	0.20358868185	0.398205659075

ATT10	class
0.992729916394	0.00472555434387	0.00254452926209
0.845410628019	0.0669427191166	0.087646652864

class	ATT3	ATT4
0.916232146905	0.0837678530945
0.139312977099	0.860687022901
0.0263157894737	0.973684210526
0.00423728813559	0.995762711864
0.066265060241	0.933734939759
0.00324675324675	0.996753246753
0.00609756097561	0.993902439024
0.0552325581395	0.94476744186
0.0142428785607	0.985757121439

