ATT1	class
0.321688500728	0.636098981077	0.0422125181951
0.143165856294	0.519178822258	0.337655321448
0.0196078431373	0.0196078431373	0.960784313725
0.0196078431373	0.0196078431373	0.960784313725
0.0011862396204	0.143534994069	0.855278766311
0.00207039337474	0.101449275362	0.896480331263
0.00813008130081	0.00813008130081	0.983739837398
0.0199840127898	0.0967226219025	0.883293365308

ATT2	class
0.657059679767	0.335662299854	0.00727802037846
0.27282549973	0.713668287412	0.0135062128579
0.490196078431	0.490196078431	0.0196078431373
0.0196078431373	0.960784313725	0.0196078431373
0.485172004745	0.513641755635	0.0011862396204
0.00207039337474	0.498964803313	0.498964803313
0.00813008130081	0.983739837398	0.00813008130081
0.0391686650679	0.518784972022	0.44204636291

ATT3	ATT4
0.972429210134	0.0275707898659
0.166666666667	0.833333333333

ATT4
0.995548961424	0.00445103857567

ATT5	class
0.0352256186317	0.91557496361	0.0491994177584
0.0135062128579	0.687736358725	0.298757428417
0.0196078431373	0.960784313725	0.0196078431373
0.0196078431373	0.960784313725	0.0196078431373
0.0296559905101	0.542111506524	0.428232502966
0.00207039337474	0.101449275362	0.896480331263
0.00813008130081	0.593495934959	0.39837398374
0.0391686650679	0.921662669864	0.0391686650679

ATT6	ATT7	class
0.966890380313	0.0326621923937	0.000447427293065
0.00343642611684	0.250859106529	0.745704467354
0.0133333333333	0.973333333333	0.0133333333333
0.333333333333	0.333333333333	0.333333333333
0.0133333333333	0.973333333333	0.0133333333333
0.133887349954	0.865189289012	0.000923361034164
0.00343642611684	0.993127147766	0.00343642611684
0.10576221736	0.788475565281	0.10576221736
0.642742035453	0.357134002727	0.00012396181976
0.00138312586445	0.79806362379	0.200553250346
0.333333333333	0.333333333333	0.333333333333
0.0133333333333	0.973333333333	0.0133333333333
0.00680272108844	0.986394557823	0.00680272108844
0.00275482093664	0.994490358127	0.00275482093664
0.0133333333333	0.973333333333	0.0133333333333
0.0316428261812	0.967923710446	0.000433463372345
0.333333333333	0.333333333333	0.333333333333
0.000220312844239	0.127120511126	0.87265917603
0.0133333333333	0.0133333333333	0.973333333333
0.0133333333333	0.0133333333333	0.973333333333
0.000433463372345	0.0940615517989	0.905504984829
0.333333333333	0.333333333333	0.333333333333
0.333333333333	0.333333333333	0.333333333333
0.0133333333333	0.0133333333333	0.973333333333

ATT7	class
0.216885007278	0.782823871907	0.000291120815138
0.0524041058887	0.13019989195	0.817396002161
0.490196078431	0.0196078431373	0.490196078431
0.0196078431373	0.490196078431	0.490196078431
0.0296559905101	0.0581257413998	0.91221826809
0.747412008282	0.250517598344	0.00207039337474
0.788617886179	0.20325203252	0.00813008130081
0.365307753797	0.614708233413	0.0199840127898

class	ATT3
0.438169984686	0.232963246554	0.000191424196018	0.00631699846861	0.10432618683	0.0583843797856	0.000191424196018	0.159456355283
0.00595238095238	0.10119047619	0.196428571429	0.00595238095238	0.10119047619	0.10119047619	0.482142857143	0.00595238095238

