ATT1	class
0.998416468725	0.000791765637371	0.000791765637371
0.0269876002918	0.932895696572	0.0401167031364
0.00323624595469	0.00323624595469	0.993527508091
0.0042194092827	0.0042194092827	0.991561181435
0.00606060606061	0.00606060606061	0.987878787879
0.00190476190476	0.00190476190476	0.99619047619

ATT2	ATT8
0.89806547619	0.10119047619	0.000744047619048
0.293333333333	0.670476190476	0.0361904761905
0.0151515151515	0.287878787879	0.69696969697

ATT3	ATT6	ATT10
0.00282485875706	0.918079096045	0.0790960451977
0.964912280702	0.0175438596491	0.0175438596491
0.0333333333333	0.933333333333	0.0333333333333
0.224315836698	0.775459847465	0.000224315836698
0.548802946593	0.449355432781	0.00184162062615
0.964912280702	0.0175438596491	0.0175438596491
0.374429223744	0.497716894977	0.127853881279
0.97619047619	0.0119047619048	0.0119047619048
0.333333333333	0.333333333333	0.333333333333

ATT4	class
0.000791765637371	0.0577988915281	0.941409342835
0.145149525894	0.10576221736	0.749088256747
0.00323624595469	0.00323624595469	0.993527508091
0.611814345992	0.383966244726	0.0042194092827
0.442424242424	0.551515151515	0.00606060606061
0.790476190476	0.104761904762	0.104761904762

ATT5	class
0.855898653998	0.143309580364	0.000791765637371
0.394602479942	0.604668125456	0.00072939460248
0.702265372168	0.294498381877	0.00323624595469
0.0042194092827	0.763713080169	0.232067510549
0.333333333333	0.660606060606	0.00606060606061
0.104761904762	0.653333333333	0.241904761905

ATT6	ATT7
0.0667718191377	0.885383806519	0.0478443743428
0.0833333333333	0.0833333333333	0.833333333333
0.904761904762	0.047619047619	0.047619047619

ATT7	ATT5
0.988717948718	0.0102564102564	0.00102564102564
0.997693194925	0.00115340253749	0.00115340253749
0.784946236559	0.010752688172	0.204301075269

ATT8	ATT3	ATT4	ATT5	ATT6
0.00406504065041	0.00406504065041	0.991869918699
0.00136612021858	0.00136612021858	0.997267759563
0.991869918699	0.00406504065041	0.00406504065041
0.00406504065041	0.00406504065041	0.991869918699
0.00406504065041	0.00406504065041	0.991869918699
0.00204498977505	0.99591002045	0.00204498977505
0.333333333333	0.333333333333	0.333333333333
0.333333333333	0.333333333333	0.333333333333
0.333333333333	0.333333333333	0.333333333333
0.333333333333	0.333333333333	0.333333333333
0.333333333333	0.333333333333	0.333333333333
0.00204498977505	0.99591002045	0.00204498977505
0.333333333333	0.333333333333	0.333333333333
0.285798122066	0.713615023474	0.000586854460094
0.333333333333	0.333333333333	0.333333333333
0.333333333333	0.333333333333	0.333333333333
0.333333333333	0.333333333333	0.333333333333
0.333333333333	0.333333333333	0.333333333333
0.333333333333	0.333333333333	0.333333333333
0.999626098336	0.000186950831931	0.000186950831931
0.991869918699	0.00406504065041	0.00406504065041
0.333333333333	0.333333333333	0.333333333333
0.999516207063	0.000241896468312	0.000241896468312
0.333333333333	0.333333333333	0.333333333333
0.333333333333	0.333333333333	0.333333333333
0.333333333333	0.333333333333	0.333333333333
0.333333333333	0.333333333333	0.333333333333
0.00406504065041	0.00406504065041	0.991869918699
0.00136612021858	0.997267759563	0.00136612021858
0.00406504065041	0.991869918699	0.00406504065041
0.333333333333	0.333333333333	0.333333333333
0.649804647337	0.349989718281	0.000205634382069
0.99591002045	0.00204498977505	0.00204498977505
0.99591002045	0.00204498977505	0.00204498977505
0.143192488263	0.856220657277	0.000586854460094
0.333333333333	0.333333333333	0.333333333333
0.00406504065041	0.991869918699	0.00406504065041
0.00102564102564	0.997948717949	0.00102564102564
0.333333333333	0.333333333333	0.333333333333
0.00406504065041	0.991869918699	0.00406504065041
0.285798122066	0.713615023474	0.000586854460094
0.991869918699	0.00406504065041	0.00406504065041
0.991869918699	0.00406504065041	0.00406504065041
0.333333333333	0.333333333333	0.333333333333
0.333333333333	0.333333333333	0.333333333333
0.000684462696783	0.998631074606	0.000684462696783
0.749914283755	0.250017143249	6.85729959542e-05
0.333333333333	0.333333333333	0.333333333333
0.991869918699	0.00406504065041	0.00406504065041
0.999771454691	0.000114272654554	0.000114272654554
0.333333333333	0.333333333333	0.333333333333
0.333333333333	0.333333333333	0.333333333333
0.333333333333	0.333333333333	0.333333333333
0.333333333333	0.333333333333	0.333333333333
0.333333333333	0.333333333333	0.333333333333
0.333333333333	0.333333333333	0.333333333333
0.991869918699	0.00406504065041	0.00406504065041
0.333333333333	0.333333333333	0.333333333333
0.333333333333	0.333333333333	0.333333333333
0.333333333333	0.333333333333	0.333333333333
0.333333333333	0.333333333333	0.333333333333
0.333333333333	0.333333333333	0.333333333333
0.333333333333	0.333333333333	0.333333333333
0.991869918699	0.00406504065041	0.00406504065041
0.333333333333	0.333333333333	0.333333333333
0.333333333333	0.333333333333	0.333333333333
0.333333333333	0.333333333333	0.333333333333
0.333333333333	0.333333333333	0.333333333333
0.333333333333	0.333333333333	0.333333333333
0.333333333333	0.333333333333	0.333333333333
0.333333333333	0.333333333333	0.333333333333
0.333333333333	0.333333333333	0.333333333333
0.333333333333	0.333333333333	0.333333333333
0.333333333333	0.333333333333	0.333333333333
0.333333333333	0.333333333333	0.333333333333
0.333333333333	0.333333333333	0.333333333333
0.333333333333	0.333333333333	0.333333333333
0.333333333333	0.333333333333	0.333333333333
0.333333333333	0.333333333333	0.333333333333
0.333333333333	0.333333333333	0.333333333333
0.333333333333	0.333333333333	0.333333333333

ATT9
0.922480620155	0.062015503876	0.015503875969

ATT10
0.866666666667	0.117829457364	0.015503875969

class	ATT9
0.353221288515	0.378431372549	0.0859943977591	0.0607843137255	0.0456582633053	0.0759103641457
0.00416666666667	0.00416666666667	0.00416666666667	0.00416666666667	0.00416666666667	0.979166666667
0.0166666666667	0.316666666667	0.0166666666667	0.316666666667	0.0166666666667	0.316666666667

