ATT1	ATT8
0.0406504065041	0.516260162602	0.443089430894
0.13768115942	0.555072463768	0.307246376812
0.333333333333	0.568468468468	0.0981981981982

ATT2	ATT13
0.485059760956	0.514940239044
0.0636363636364	0.936363636364
0.128169014085	0.871830985915

ATT3	ATT9
0.0935207823961	0.225550122249	0.367359413203	0.313569682152
0.0414572864322	0.0414572864322	0.111809045226	0.80527638191

ATT4
0.445175438596	0.507675438596	0.047149122807

ATT5
0.728070175439	0.267543859649	0.00438596491228

ATT6
0.850328947368	0.149671052632

ATT7
0.497807017544	0.0142543859649	0.487938596491

ATT8	ATT11
0.0218579234973	0.352068696331	0.626073380172
0.143309580364	0.656373713381	0.200316706255
0.192708333333	0.520833333333	0.286458333333

ATT9	ATT8
0.408536585366	0.591463414634
0.56847826087	0.43152173913
0.860810810811	0.139189189189

ATT10
0.833333333333	0.149122807018	0.0175438596491

ATT11	ATT10
0.549122807018	0.422807017544	0.0280701754386
0.0686274509804	0.708333333333	0.223039215686
0.0208333333333	0.208333333333	0.770833333333

ATT12	class
0.810292326431	0.128197320341	0.0429354445798	0.018574908648
0.471920289855	0.363224637681	0.109601449275	0.0552536231884
0.25	0.388121546961	0.25	0.111878453039
0.228693181818	0.228693181818	0.399147727273	0.143465909091
0.231060606061	0.231060606061	0.155303030303	0.382575757576

ATT13	class
0.792123426715	0.0369468128299	0.170929760455
0.399758454106	0.0555555555556	0.544685990338
0.195211786372	0.16758747698	0.637200736648
0.172348484848	0.030303030303	0.797348484848
0.156565656566	0.156565656566	0.686868686869

class	ATT9
0.689975550122	0.147188264059	0.0689486552567	0.0591687041565	0.0347188264059
0.23216080402	0.252261306533	0.222110552764	0.23216080402	0.0613065326633

