ATT1
0.00385356454721	0.515414258189	0.480732177264

ATT2
0.344894026975	0.581888246628	0.0732177263969

ATT3	ATT6
0.938714499253	0.0474588938714	0.0138266068759
0.787179487179	0.210256410256	0.0025641025641
0.395833333333	0.583333333333	0.0208333333333

ATT4	ATT3
0.897815362932	0.0954897815363	0.00669485553206
0.118143459916	0.839662447257	0.042194092827
0.025641025641	0.25641025641	0.717948717949

ATT5	ATT4
0.97128443927	0.0213426464882	0.00737291424137
0.752083333333	0.170833333333	0.0770833333333
0.333333333333	0.491228070175	0.175438596491

ATT6	ATT1
0.833333333333	0.0833333333333	0.0833333333333
0.931464174455	0.0679127725857	0.000623052959502
0.782231128925	0.187040748163	0.0307281229125

class
0.420520231214	0.579479768786

