ATT1	ATT6	ATT8
0.0719471947195	0.321452145215	0.606600660066
0.15931063472	0.136612021858	0.704077343422
0.226527050611	0.528097731239	0.24537521815
0.15931063472	0.136612021858	0.704077343422
0.136073059361	0.111415525114	0.752511415525
0.285747126437	0.316781609195	0.397471264368
0.226527050611	0.528097731239	0.24537521815
0.285747126437	0.316781609195	0.397471264368
0.198333333333	0.630333333333	0.171333333333

ATT2
0.261035801182	0.344456030587	0.394508168231

ATT3	ATT4
0.16822015091	0.343985796715	0.487794052375
0.215270770266	0.218298015473	0.566431214262
0.243465491924	0.468135095448	0.288399412628

ATT4	ATT9
0.205086580087	0.34632034632	0.448593073593
0.256792577866	0.215043074884	0.52816434725
0.291899070385	0.447277556441	0.260823373174

ATT5
0.1671880431	0.354883559263	0.477928397636

ATT6	ATT7
0.205086580087	0.34632034632	0.448593073593
0.256792577866	0.215043074884	0.52816434725
0.291899070385	0.447277556441	0.260823373174

ATT7	ATT2
0.16822015091	0.343985796715	0.487794052375
0.215270770266	0.218298015473	0.566431214262
0.243465491924	0.468135095448	0.288399412628

ATT8	ATT3
0.205086580087	0.34632034632	0.448593073593
0.256792577866	0.215043074884	0.52816434725
0.291899070385	0.447277556441	0.260823373174

ATT9	ATT2
0.16822015091	0.343985796715	0.487794052375
0.215270770266	0.218298015473	0.566431214262
0.243465491924	0.468135095448	0.288399412628

class	ATT1	ATT5	ATT9
0.5	0.5
0.997695852535	0.00230414746544
0.000924214417745	0.999075785582
0.998461538462	0.00153846153846
0.996323529412	0.00367647058824
0.461565836299	0.538434163701
0.000616522811344	0.999383477189
0.241544352265	0.758455647735
0.000924214417745	0.999075785582
0.997695852535	0.00230414746544
0.995412844037	0.0045871559633
0.333480176211	0.666519823789
0.996323529412	0.00367647058824
0.999629903775	0.000370096225019
0.312644564379	0.687355435621
0.241544352265	0.758455647735
0.138162093172	0.861837906828
0.451641791045	0.548358208955
0.000924214417745	0.999075785582
0.333480176211	0.666519823789
0.00115473441109	0.998845265589
0.461565836299	0.538434163701
0.312644564379	0.687355435621
0.617583015787	0.382416984213
0.000924214417745	0.999075785582
0.451641791045	0.548358208955
0.000205676676265	0.999794323324

