ATT1
0.248035914703	0.660830527497	0.0911335578002

ATT2	ATT1
0.499849170437	0.488989441931	0.011161387632
0.216145833333	0.766417572464	0.0174365942029
0.0155993431856	0.50328407225	0.481116584565

ATT3	class
0.120996185129	0.863816310372	0.0151875044987
0.202614379085	0.790849673203	0.00653594771242
0.371320037987	0.627730294397	0.000949667616334
0.95313681028	0.0461073318216	0.000755857898715
0.82257012394	0.176777560339	0.000652315720809
0.981197629266	0.0185979971388	0.000204373594932
0.266420865765	0.733442578178	0.000136556056261
0.177192573604	0.822729744426	7.76819700148e-05
0.300165837479	0.698175787728	0.0016583747927
0.333333333333	0.665559246955	0.00110741971207

ATT4	class
0.868135032031	0.1188368243	0.0130281436695
0.398692810458	0.59477124183	0.00653594771242
0.656220322887	0.342830009497	0.000949667616334
0.703703703704	0.250188964475	0.0461073318216
0.646444879322	0.352902804958	0.000652315720809
0.919885550787	0.0799100756182	0.000204373594932
0.360644544586	0.585962037416	0.0533934179981
0.860017090033	0.135244309796	0.0047386001709
0.79767827529	0.200663349917	0.0016583747927
0.931339977852	0.0675526024363	0.00110741971207

ATT5	class
0.991254588642	0.00874541135824
0.00980392156863	0.990196078431
0.998575498575	0.0014245014245
0.998866213152	0.00113378684807
0.979452054795	0.0205479452055
0.99356223176	0.00643776824034
0.999795165916	0.000204834084392
0.992892099744	0.00710790025635
0.997512437811	0.00248756218905
0.998338870432	0.00166112956811

ATT6	class
0.997696681782	0.0022313395235	7.19786943065e-05
0.986928104575	0.00653594771242	0.00653594771242
0.998100664767	0.000949667616334	0.000949667616334
0.998488284203	0.000755857898715	0.000755857898715
0.998695368558	0.000652315720809	0.000652315720809
0.99959125281	0.000204373594932	0.000204373594932
0.987436842824	0.00423323774409	0.00832991943193
0.99984463606	7.76819700148e-05	7.76819700148e-05
0.449419568823	0.101160862355	0.449419568823
0.997785160576	0.00110741971207	0.00110741971207

ATT7	ATT3
0.002357378595	0.225129655823	0.772512965582
0.00408523793751	0.329027271724	0.666887490339
0.424242424242	0.151515151515	0.424242424242

ATT8	class
0.872453753689	0.114518102642	0.0130281436695
0.986928104575	0.00653594771242	0.00653594771242
0.998100664767	0.000949667616334	0.000949667616334
0.885109599395	0.114134542706	0.000755857898715
0.939986953686	0.0593607305936	0.000652315720809
0.870835888003	0.122828530554	0.00633558144288
0.946470025946	0.0533934179981	0.000136556056261
0.666588984697	0.300706905927	0.0327041093762
0.946932006633	0.0514096185738	0.0016583747927
0.898117386489	0.100775193798	0.00110741971207

class	ATT1
0.312307692308	9.04977375566e-05	9.04977375566e-05	9.04977375566e-05	0.0109502262443	0.184705882353	0.0652488687783	0.399185520362	0.00823529411765	0.0190950226244
0.343444293478	0.00105298913043	0.00818614130435	0.00512907608696	0.0153192934783	0.0968410326087	0.21300951087	0.28230298913	0.0153192934783	0.0193953804348
0.0815270935961	0.029802955665	0.199753694581	0.28842364532	0.236699507389	0.000246305418719	0.0815270935961	0.0371921182266	0.0150246305419	0.029802955665

