ATT1	ATT3	ATT5
0.0208745330697	0.818831026148	0.160294440782
0.333333333333	0.333333333333	0.333333333333
0.333333333333	0.333333333333	0.333333333333
0.236885275133	0.469901216076	0.293213508791
0.432683982684	0.0703463203463	0.49696969697
0.333333333333	0.333333333333	0.333333333333
0.33870486422	0.18561623396	0.47567890182
0.478695924083	0.0396715338391	0.481632542078
0.377312390925	0.00977312390925	0.612914485166

ATT2	ATT3	ATT5
0.833662931224	0.166227202813	0.000109865963525
0.333333333333	0.333333333333	0.333333333333
0.333333333333	0.333333333333	0.333333333333
0.00146214471666	0.932563032702	0.0659748225812
0.00021645021645	0.461904761905	0.537878787879
0.333333333333	0.333333333333	0.333333333333
0.000298418382572	0.225902715607	0.77379886601
2.71909073606e-05	0.0183810533758	0.981591755717
0.000349040139616	0.000349040139616	0.999301919721

ATT3	ATT5	ATT7
0.133157740708	0.819417617793	0.0474246414984
0.00520833333333	0.427083333333	0.567708333333
0.333333333333	0.333333333333	0.333333333333
6.09050490286e-05	0.226993117729	0.772945977222
4.00352310033e-05	0.0357114260549	0.964248538714
0.333333333333	0.333333333333	0.333333333333
0.333333333333	0.333333333333	0.333333333333
0.000445632798574	0.000445632798574	0.999108734403
0.00160256410256	0.00160256410256	0.996794871795

ATT4	ATT6
0.999605904271	3.58268844941e-05	0.000358268844941
0.999784737918	0.000107631040792	0.000107631040792
0.972431077694	0.0250626566416	0.00250626566416

ATT5	ATT6	ATT7	ATT8
0.908557533574	0.0914380047294	4.46169633695e-06
0.103506979911	0.896407899217	8.51208716377e-05
0.333333333333	0.333333333333	0.333333333333
0.058923169994	0.940955837871	0.000120992135511
0.0116312056738	0.988226950355	0.000141843971631
0.333333333333	0.333333333333	0.333333333333
0.333333333333	0.333333333333	0.333333333333
0.333333333333	0.333333333333	0.333333333333
0.333333333333	0.333333333333	0.333333333333
0.012419047619	0.987504761905	7.61904761905e-05
0.000192789666474	0.999614420667	0.000192789666474
0.0119047619048	0.97619047619	0.0119047619048
6.70825786543e-05	0.999865834843	6.70825786543e-05
2.07477488692e-05	0.931055230507	0.0689240217436
0.000724637681159	0.294202898551	0.705072463768
0.333333333333	0.333333333333	0.333333333333
0.00136612021858	0.00136612021858	0.997267759563
0.333333333333	0.333333333333	0.333333333333
0.333333333333	0.333333333333	0.333333333333
0.333333333333	0.333333333333	0.333333333333
0.333333333333	0.333333333333	0.333333333333
0.333333333333	0.333333333333	0.333333333333
0.000440334654337	0.000440334654337	0.999119330691
0.00606060606061	0.00606060606061	0.987878787879
0.333333333333	0.333333333333	0.333333333333
0.00102564102564	0.00102564102564	0.997948717949
0.00606060606061	0.00606060606061	0.987878787879

ATT6	ATT8
0.892321514963	0.107643928399	3.45566383302e-05
0.246839182323	0.710504549214	0.0426562684627
0.00497512437811	0.810945273632	0.18407960199

ATT7	ATT6	ATT8
0.964423101748	0.0355639893631	1.2908889061e-05
0.624860379767	0.374980054252	0.000159565980533
0.333333333333	0.333333333333	0.333333333333
0.468164794007	0.531728196897	0.000107009095773
0.0958478851378	0.890625866179	0.0135262486834
0.0572597137014	0.940695296524	0.00204498977505
0.333333333333	0.333333333333	0.333333333333
0.000923361034164	0.698984302862	0.300092336103
0.00900900900901	0.495495495495	0.495495495495

ATT8
0.76958672411	0.225067815542	0.00534546034785

class	ATT1	ATT3	ATT8
0.99649122807	0.00175438596491	0.00175438596491
0.333333333333	0.333333333333	0.333333333333
0.333333333333	0.333333333333	0.333333333333
0.614526518977	0.370906560725	0.0145669202972
0.374903772132	0.49961508853	0.125481139338
0.333333333333	0.333333333333	0.333333333333
0.62496249625	0.374994642321	4.2861429e-05
0.324138713888	0.632158465293	0.0437028208184
0.00111856823266	0.725950782998	0.27293064877
0.996274351378	0.00368076128916	4.48873327947e-05
0.97619047619	0.0119047619048	0.0119047619048
0.333333333333	0.333333333333	0.333333333333
0.887288815361	0.109653080664	0.00305810397554
0.00406504065041	0.991869918699	0.00406504065041
0.333333333333	0.333333333333	0.333333333333
0.561255411255	0.438528138528	0.00021645021645
0.285798122066	0.713615023474	0.000586854460094
0.333333333333	0.333333333333	0.333333333333
0.925519762394	0.0742517706191	0.00022846698652
0.333333333333	0.333333333333	0.333333333333
0.333333333333	0.333333333333	0.333333333333
0.672653802665	0.31982057128	0.00752562605424
0.285777190665	0.606781153677	0.107441655658
0.333333333333	0.333333333333	0.333333333333
0.681642941874	0.315317319098	0.00303973902728
0.316515190124	0.644468982701	0.0390158271752
0.00111856823266	0.907158836689	0.0917225950783

