class
0.0788072417465	0.460596379127	0.460596379127

ATT2	class
0.204054054054	0.224324324324	0.183783783784	0.204054054054	0.183783783784
0.0591907514451	0.14936416185	0.218728323699	0.267283236994	0.305433526012
0.340115606936	0.246473988439	0.184046242775	0.132023121387	0.0973410404624

ATT3	class
0.204054054054	0.224324324324	0.183783783784	0.204054054054	0.183783783784
0.0591907514451	0.14936416185	0.218728323699	0.267283236994	0.305433526012
0.340115606936	0.246473988439	0.184046242775	0.132023121387	0.0973410404624

ATT4	class
0.204054054054	0.224324324324	0.183783783784	0.204054054054	0.183783783784
0.340115606936	0.246473988439	0.184046242775	0.132023121387	0.0973410404624
0.0591907514451	0.14936416185	0.218728323699	0.267283236994	0.305433526012

ATT5	class
0.204054054054	0.224324324324	0.183783783784	0.204054054054	0.183783783784
0.340115606936	0.246473988439	0.184046242775	0.132023121387	0.0973410404624
0.0591907514451	0.14936416185	0.218728323699	0.267283236994	0.305433526012

