ATT1	ATT8
0.818520588783	0.171231600522	0.010247810695
0.306184012066	0.584464555053	0.109351432881
0.635964912281	0.320175438596	0.0438596491228

ATT2	class
0.020313020313	0.805527805528	0.174159174159
0.008069522036	0.417752948479	0.574177529485

ATT3	ATT2
0.00900900900901	0.900900900901	0.0900900900901
0.0584303579129	0.78029322984	0.161276412247
0.0418968692449	0.622007366483	0.336095764273

ATT4
0.780667533593	0.217598612917	0.00173385348938

ATT5	ATT2
0.981981981982	0.00900900900901	0.00900900900901
0.985985338508	0.011858559724	0.002156101768
0.84576427256	0.137200736648	0.0170349907919

ATT6	ATT4
0.0834721451046	0.894688136221	0.0218397186748
0.0066401062417	0.855245683931	0.138114209827
0.0833333333333	0.833333333333	0.0833333333333

ATT7	class
0.921411921412	0.0682650682651	0.010323010323
0.834885164494	0.149596523898	0.0155183116077

ATT8	class
0.8334998335	0.128205128205	0.038295038295
0.667287399131	0.30974549969	0.0229671011794

class	ATT6
0.957792207792	0.0422077922078
0.641634050881	0.358365949119
0.389908256881	0.610091743119

