ATT1	ATT8
0.0361904761905	0.550476190476	0.413333333333
0.163877266388	0.515341701534	0.320781032078
0.402298850575	0.492816091954	0.104885057471

ATT2	class
0.367374005305	0.632625994695
0.115023474178	0.884976525822

ATT3	ATT13
0.0309330628803	0.572515212982	0.237829614604	0.158722109533
0.231012658228	0.155063291139	0.268987341772	0.344936708861
0.000798722044728	0.0774760383387	0.0774760383387	0.844249201278

ATT4	ATT9
0.46796431468	0.50202757502	0.0300081103001
0.258845437616	0.661080074488	0.0800744878957

ATT5	class
0.685234305924	0.30857648099	0.00618921308576
0.461658841941	0.489827856025	0.0485133020344

ATT6	ATT11
0.962244897959	0.0377551020408
0.898976982097	0.101023017903
0.125	0.875

ATT7
0.801129943503	0.177401129944	0.0214689265537

ATT8	ATT13
0.104124408384	0.511832319135	0.384043272481
0.0801687763713	0.459915611814	0.459915611814
0.374866879659	0.604898828541	0.0202342917998

ATT9
0.696610169492	0.303389830508

ATT10	class
0.955791335102	0.0433244916004	0.000884173297966
0.649452269171	0.330203442879	0.0203442879499

ATT11	ATT9	ATT13
0.967685282754	0.0319634703196	0.000351246926589
0.131894484412	0.865707434053	0.00239808153477
0.126436781609	0.871264367816	0.00229885057471
0.495495495495	0.495495495495	0.00900900900901
0.333333333333	0.649122807018	0.0175438596491
0.000693000693001	0.98613998614	0.013167013167

ATT12
1.0

ATT13	ATT9
0.769667477697	0.112733171127	0.117599351176
0.0689013035382	0.0353817504655	0.895716945996

class	ATT11	ATT13
0.999644128114	0.000355871886121
0.986486486486	0.0135135135135
0.982142857143	0.0178571428571
0.993150684932	0.00684931506849
0.0477386934673	0.952261306533
0.160377358491	0.839622641509
0.5	0.5
0.5	0.5
0.05	0.95

