ATT1	ATT6	ATT9
0.982137161085	0.00893141945774	0.00893141945774
0.0119047619048	0.97619047619	0.0119047619048
0.333333333333	0.333333333333	0.333333333333
0.999943888	2.80559997756e-05	2.80559997756e-05
0.989583333333	0.00520833333333	0.00520833333333
0.981981981982	0.00900900900901	0.00900900900901
0.999981560362	9.21981892276e-06	9.21981892276e-06
0.987878787879	0.00606060606061	0.00606060606061
0.333333333333	0.333333333333	0.333333333333

ATT2	ATT4	ATT6
0.646766169154	0.185012437811	0.168221393035
0.677365344231	0.213803280549	0.10883137522
0.927338176218	0.0621317969699	0.0105300268121
0.333333333333	0.333333333333	0.333333333333
0.00141843971631	0.00141843971631	0.997163120567
0.0724637681159	0.71277997365	0.214756258235
0.333333333333	0.333333333333	0.333333333333
0.333333333333	0.333333333333	0.333333333333
0.0119047619048	0.0119047619048	0.97619047619

ATT3	ATT6	ATT9
0.982137161085	0.00893141945774	0.00893141945774
0.0119047619048	0.0119047619048	0.97619047619
0.333333333333	0.333333333333	0.333333333333
0.999943888	2.80559997756e-05	2.80559997756e-05
0.989583333333	0.00520833333333	0.00520833333333
0.00900900900901	0.981981981982	0.00900900900901
0.999981560362	9.21981892276e-06	9.21981892276e-06
0.987878787879	0.00606060606061	0.00606060606061
0.333333333333	0.333333333333	0.333333333333

ATT4	class
0.999362262205	0.000624168905533	1.35688892507e-05
0.835560955853	0.155123531794	0.00931551235318
0.995271867612	0.00236406619385	0.00236406619385
0.998488284203	0.000755857898715	0.000755857898715
0.998842592593	0.000578703703704	0.000578703703704

ATT5	ATT7
0.603419219914	0.336257131835	0.0603236482508
0.333333333333	0.333333333333	0.333333333333
0.0833333333333	0.0833333333333	0.833333333333

ATT6	ATT5	class
0.0172426022073	0.319502368996	0.663255028797
0.326539855072	0.326539855072	0.346920289855
0.333333333333	0.659420289855	0.00724637681159
0.569182389937	0.427672955975	0.00314465408805
0.399959620432	0.49989905108	0.100141328488
1.3226988347e-05	0.10298533127	0.897001441742
0.000183553597651	0.48751835536	0.512298091043
0.00100704934542	0.499496475327	0.499496475327
0.00170068027211	0.537414965986	0.460884353741
0.00546448087432	0.989071038251	0.00546448087432
0.000222074172774	0.000222074172774	0.999555851654
0.000139703827885	0.000139703827885	0.999720592344
0.00724637681159	0.00724637681159	0.985507246377
0.000326477309827	0.000326477309827	0.99934704538
0.0208333333333	0.0208333333333	0.958333333333

ATT7
0.999695530386	6.08939227865e-05	0.000243575691146

ATT8	ATT9
0.999959250204	2.03748981255e-05	2.03748981255e-05
0.496598639456	0.43537414966	0.0680272108844
0.025641025641	0.025641025641	0.948717948718

ATT9	ATT2	class
0.999989450809	5.27459543853e-06	5.27459543853e-06
0.999818643453	9.06782734857e-05	9.06782734857e-05
0.694605009634	0.304431599229	0.000963391136802
0.999495331819	0.000252334090336	0.000252334090336
0.999537358316	0.000231320842008	0.000231320842008
0.997987841425	0.00196934669064	4.28118845792e-05
0.998800959233	0.000599520383693	0.000599520383693
0.0208333333333	0.958333333333	0.0208333333333
0.333333333333	0.333333333333	0.333333333333
0.664825046041	0.333333333333	0.00184162062615
0.999754540992	0.000122729504173	0.000122729504173
0.999055712937	0.000472143531634	0.000472143531634
0.00546448087432	0.00546448087432	0.989071038251
0.333333333333	0.333333333333	0.333333333333
0.569182389937	0.427672955975	0.00314465408805

ATT10	ATT2	ATT8	ATT9
0.999780016486	0.000217333110699	2.65040378902e-06
0.0119047619048	0.0119047619048	0.97619047619
0.333333333333	0.333333333333	0.333333333333
0.333333333333	0.333333333333	0.333333333333
0.598039215686	0.399509803922	0.00245098039216
0.333333333333	0.333333333333	0.333333333333
0.333333333333	0.333333333333	0.333333333333
0.97619047619	0.0119047619048	0.0119047619048
0.333333333333	0.333333333333	0.333333333333
0.998180064027	0.0017980090339	2.19269394378e-05
0.995098039216	0.00245098039216	0.00245098039216
0.333333333333	0.333333333333	0.333333333333
0.333333333333	0.333333333333	0.333333333333
0.0119047619048	0.97619047619	0.0119047619048
0.333333333333	0.333333333333	0.333333333333
0.333333333333	0.333333333333	0.333333333333
0.333333333333	0.333333333333	0.333333333333
0.333333333333	0.333333333333	0.333333333333
0.978345304602	0.0216014897579	5.32056397978e-05
0.00606060606061	0.00606060606061	0.987878787879
0.333333333333	0.333333333333	0.333333333333
0.333333333333	0.333333333333	0.333333333333
0.0119047619048	0.0119047619048	0.97619047619
0.333333333333	0.333333333333	0.333333333333
0.333333333333	0.333333333333	0.333333333333
0.333333333333	0.333333333333	0.333333333333
0.00305810397554	0.993883792049	0.00305810397554

class	ATT5
0.948743312809	0.0148581810841	0.000928636317755	0.00213990108004	0.033329968709
0.912914327115	0.0657851838435	0.0119905814164	0.00710016301395	0.00220974461148
0.302012072435	0.480080482897	0.0092555331992	0.205432595573	0.00321931589537

